1407/2271.衵變.楷冞猾婦(20,0,1,0,244,195,235,11,8,0,0,0,1,0,0,0,46,0,0,0).源砃祥曹.N
1488/655.衵變.酘變.源砃祥曹.N
624/655.酘變.狟鰾.衵變.N
1008/1631.酘變.狟鰾.酘變.N
3830/1231.酘變.酘翑變.酘變.N
2560/1631.酘變.楷冞猾婦(20,0,1,0,244,195,235,11,4,0,0,0,1,0,0,0,46,0,0,0).酘變.N
4795/2271.酘&衵變.徹換冞藷.源砃祥曹.N
4402/655.衵變.衵泐x礿(4700).酘變.N
4959/2271.衵變.泐+媼僇泐.衵變.N
4959/1727.衵變.泐+媼僇泐.衵變.N
4959/1231.酘變.泐+酘泐.酘變.N
2738/2271.衵變.衵泐奻鰾.衵變.N

3122/2271.酘&衵變.衵變.衵變.N
4095/1631.酘&衵變.楷冞猾婦(20,0,1,0,244,195,235,11,8,0,0,0,1,0,0,0,46,0,0,0).酘變.N
2351/655.酘變.泐+酘泐.酘變.N
