本地图允许过门检测
2303/1199.右跑.发送封包(20,0,1,0,244,195,235,11,8,0,0,0,1,0,0,0,46,0,0,0).右跑.N
3978/1807.左&右跑.左跑.方向不变.N
3009/1807.左跑.左跳x停(2500).方向不变.N
2150/1647.左跑.停.方向不变.N
624/2287.右跑.跳+上爬停(1807).方向不变.N
1661/1807.右跑.右跳x停(2400).方向不变.N
2730/1647.右跑.停.方向不变.N
4479/2287.右跑.右跳y停(2159).方向不变.N
4863/2159.右跑.右跳y停(1903).方向不变.N
5883/2287.左跑.过传送门.方向不变.N
5120/2287.左跑.发送封包(20,0,1,0,244,195,235,11,4,0,0,0,1,0,0,0,46,0,0,0).方向不变.N
3456/1199.左跑.发送封包(20,0,1,0,244,195,235,11,4,0,0,0,1,0,0,0,46,0,0,0).方向不变.N
2624/2287.左跑.发送封包(20,0,1,0,244,195,235,11,4,0,0,0,1,0,0,0,46,0,0,0).方向不变.N
