32/1727.左跑.右跑.方向不变.N
2143/1599.右跑.发送封包(20,0,1,0,244,195,235,11,8,0,0,0,1,0,0,0,46,0,0,0).左跑.N
2243/1599.左&右跑.停.方向不变.N
1536/447.左跑.发送封包(20,0,1,0,244,195,235,11,4,0,0,0,1,0,0,0,46,0,0,0).方向不变.N
32/447.左跑.右跑.方向不变.N
1343/959.右跑.左跑.方向不变.N
32/959.左跑.右跑.方向不变.N
1157/1215.右跑.助跑.左跑.N
288/1215.左跑.右跑.方向不变.N
1343/1471.右跑.发送封包(20,0,1,0,244,195,235,11,8,0,0,0,1,0,0,0,46,0,0,0).方向不变.N
1443/1471.右跑.跳+右跳.方向不变.N
2047/1295.右跑.跳+左跳.左跑.N

1536/1055.左跑.跳+右跳.左跑.N
1831/735.左&右跑.过传送门.方向不变.N
2442/1055.右跑.右跳+二段跳.方向不变.N
2632/607.左跑.跳+左跳.方向不变.N
