871/879.左跑.右跑.方向不变.N
2719/1136.右跑.左跑.方向不变.N
1907/1136.左跑.助跑.右跑.N
3167/1392.右跑.左跑.方向不变.N
1536/1392.左跑.发送封包(20,0,1,0,244,195,235,11,4,0,0,0,1,0,0,0,46,0,0,0).方向不变.N
104/1392.左跑.跳.方向不变.N
104/1135.左跑.跳.方向不变.N
55/880.左跑.过传送门.方向不变.N
319/879.右跑.跳+二段跳.方向不变.N
319/624.右跑.跳+二段跳.方向不变.N
799/623.右跑.发送封包(20,0,1,0,244,195,235,11,8,0,0,0,1,0,0,0,46,0,0,0).方向不变.N
1439/624.右跑.发送封包(20,0,1,0,244,195,235,11,8,0,0,0,1,0,0,0,46,0,0,0).方向不变.N

2207/624.右跑.发送封包(20,0,1,0,244,195,235,11,8,0,0,0,1,0,0,0,46,0,0,0).方向不变.N
2544/623.右跑.下爬.方向不变.N
