6367/271.右跑.左跑.方向不变.N
5536/575.左跑.右跑.方向不变.N
6367/863.右跑.左跑.方向不变.N
5040/863.左跑.下爬.右跑.N
6367/1167.右跑.左跑.方向不变.N
5025/1167.左跑.跳+上爬梯子.方向不变.N
5375/575.右跑.左跑.方向不变.N
4960/575.左跑.跳+二段跳.方向不变.N
4352/575.左跑.发送封包(20,0,1,0,244,195,235,11,4,0,0,0,1,0,0,0,46,0,0,0).方向不变.N
3805/575.左跑.跳+二段跳.方向不变.N
3456/271.左跑.发送封包(20,0,1,0,244,195,235,11,4,0,0,0,1,0,0,0,46,0,0,0).方向不变.N
1760/271.左跑.右跑.方向不变.N
2940/271.左&右跑.过传送门.方向不变.N
4752/1167.右跑.右跳.左跑.N
3655/863.左跑.跳+上爬梯子.方向不变.N
2528/1167.左跑.发送封包(20,0,1,0,244,195,235,11,4,0,0,0,1,0,0,0,46,0,0,0).方向不变.N
960/1167.左跑.发送封包(20,0,1,0,244,195,235,11,4,0,0,0,1,0,0,0,46,0,0,0).方向不变.N
475/1167.左跑.跳.方向不变.N
216/863.左跑.左跳上爬.右跑.N
1599/271.右跑.发送封包(20,0,1,0,244,195,235,11,8,0,0,0,1,0,0,0,46,0,0,0).方向不变.N

