6367/271.右跑.左跑.方向不变.N
5536/575.左跑.右跑.方向不变.N
6367/863.右跑.左跑.方向不变.N
4960/863.左跑.跳+二段跳.右跑.N
5375/575.右跑.左跳y停(171).左跑.N
4352/575.左跑.发送封包(20,0,1,0,244,195,235,11,4,0,0,0,1,0,0,0,46,0,0,0).方向不变.N
3831/575.左跑.跳+二段跳.方向不变.N
3456/271.左跑.发送封包(20,0,1,0,244,195,235,11,4,0,0,0,1,0,0,0,46,0,0,0).方向不变.N
2961/271.左跑.过传送门.方向不变.N
3263/271.右跑.左跑.方向不变.N
1760/271.左跑.发送封包(20,0,1,0,244,195,235,11,4,0,0,0,1,0,0,0,46,0,0,0).方向不变.N
32/271.左跑.右跑.方向不变.N
1599/271.右跑.发送封包(20,0,1,0,244,195,235,11,8,0,0,0,1,0,0,0,46,0,0,0).方向不变.N
1851/1167.左&右跑.跳+上爬梯子.方向不变.N
3263/1167.右跑.发送封包(20,0,1,0,244,195,235,11,8,0,0,0,1,0,0,0,46,0,0,0).方向不变.N
4799/1167.右跑.发送封包(20,0,1,0,244,195,235,11,8,0,0,0,1,0,0,0,46,0,0,0).方向不变.N
5273/1167.右跑.左跳上爬.左跑.N
5189/863.右跑.左跳上爬.左跑.N
1840/271.右跑.下爬.左跑.N
2872/575.右跑.右跳上爬.右跑.N
