32/1855.左跑.右跑.方向不变.N
1411/1855.右跑.跳+上爬梯子.左跑.N
60/1503.左跑.跳+上爬梯子.方向不变.N
32/1183.左跑.跳+二段跳.方向不变.N
32/863.左跑.跳+二段跳.方向不变.N
32/575.左跑.跳+二段跳.方向不变.N
32/271.左跑.右跑.方向不变.N
1151/271.右跑.发送封包(20,0,1,0,244,195,235,11,8,0,0,0,1,0,0,0,46,0,0,0).方向不变.N
2015/271.右跑.发送封包(20,0,1,0,244,195,235,11,8,0,0,0,1,0,0,0,46,0,0,0).方向不变.N
3167/559.右跑.左跑.方向不变.N
2780/559.左跑.助跑.右跑.N
3167/847.右跑.左跑.方向不变.N

2560/847.左跑.发送封包(20,0,1,0,244,195,235,11,4,0,0,0,1,0,0,0,46,0,0,0).方向不变.N
2224/847.左跑.下爬.左跑.N
2253/1183.右跑.过传送门.方向不变.N
2399/1183.右跑.发送封包(20,0,1,0,244,195,235,11,8,0,0,0,1,0,0,0,46,0,0,0).左跑.N
3120/1503.右跑.下爬.左跑.N
2142/1855.左跑.右跳上爬.左跑.N
1632/1503.左跑.右跳上爬.左跑.N
2230/559.左跑.右跳上爬.左跑.N
1632/1183.左跑.右跳上爬.左跑.N
